30 25
3    3 1   22  22   2    
 121 22231 2 23 2 0222  2
3   2 3  2112 21 3  232 3
3 2 321    32    12302112
3 1   2 1  2112  3 2   2 
322323    2 21  2 121 22 
 103   3 2  31 13 3 1  1 
 22  221       1 12323 3 
 2   1    323         02 
 2  112    12 231      2 
1    2 22   221   2   23 
 220  3121123    12 13121
   3  13 33 2 21 1  12232
32   3 1    2     32232 3
2 32212332 23 1 13231221 
 11  3 2    2 2 1 1   22 
    21   2 22202231  23  
12  3 2  02    31  0 1   
2  21 1  21  22 31 2    1
2  32  2 2       2 22  23
2    332   2 2  2  31  12
21     1032 1      3    3
31233  3    2323122 2 2  
2      02          32   2
3  2  3   32221  1 22 1 0
  2   22 2  31   2 32 132
 2 2   1212 3 3132 23 2 3
32221  2 2  31  2 32 1   
2 232312 3   1    2  323 
   22  2 2  333 2   2  2 
