30 25
 332 123 32 21  2232233 3
 1  21 11 2 2 2   0 2  2 
22     21   0  312231  2 
  3    1    3            
 12    2 2 21     1 221  
 00   203     33 2   2  1
 2133   3112 2203  311  2
 32 1222  2 1        2332
 2  3 1 2 2 12 2 1 222  2
 2 2 123  3 2    2  32323
   3      2 323  1   222 
1  21 0     2     2223   
3   1 22220 2 2 21  212  
2223    3  23   22 2  2  
3  22221      22212 111  
 323  3 2 21 2 13   123 2
31 23 223    222   213 13
 22  2  2131 22122  11  3
  2  2 22   2 1 3  222 1 
2    2     2 33222   21  
22   02    2    302  2 1 
 2323   13231 3 3   1    
  3  1    03  1  122  312
 23 21 22 2 23222 2    2 
12 03     2131 2221 3 3  
     23 0      1 3  21122
 221  1 3221  2   1   2  
2222   1 2 22  31  112  2
22132    121 1  21322312 
  2  212 2 23322       3 
