30 25
  2 22 3  3 2233 1      3
 3  12    12 2   12 121  
2 231 2 2   2   3 3 2  3 
2 2  2   31  3 22 02 3 32
    3 23 32  2   3 22   2
    31  21 2  3 3   2 2  
3 1 22 1 2 2 2 12  1   2 
 223  21 1332  3 223 2 23
      2 3   1     12  102
3 1 3 2   3 12112 13 2 1 
12 212 2 122 2  2 2  1   
    221   322            
 223      223  2 2311 21 
 21  1 1 3  2  3 0  22323
  3232  0 1   21   1 221 
2 2 1 1 2 2 2    1   21  
1 1 2 1  2222 3  221 3 21
 32  3   22    102 23 13 
23 1     10  33 2        
1 2212 2 2 3     1 23 232
  2 3   2   3 3 0  212 2 
 1 1  3 3132 1 32   11   
 33   13  2  321 3 2  323
 21   1 1 21   1  221221 
     22     23 2 131 23  
2012  11  1  22 21 1  21 
  3 33 3 2  3 3   33 22  
2     3  221   2 2  11   
2232   021 0       3   2 
 22  3   2 2  33  3   3 3
