30 25
3  3 1  3     2  3 33332 
   1    212  2 3 212  22 
2  2   3332  2 0110    21
213   2 0 13 3 12       3
 2   21 3 3 2    1 312 31
 33 2   1 1 323 2 12  2 2
  21 2 22 23 123122 2    
  21   12 1    2 2122 1 1
2  2 12231 31 22 22      
2 2 211     2   3232   1 
3 1    2 1 23   1    1 3 
32313131  3 2   3      1 
30        1 3221 22311 1 
   1    1 1  1 2 2  1 322
  2  223  23     2213202 
 312011213  02  1   232  
 2  3     2 22    213 11 
2  2   22  1 2  1  211 2 
2 2113 3 2322      3 2   
3  1 212 20 3  3 2 3  23 
2  2 1 2  231  2 12  2 12
  2232201  3   2 212  1 3
1  22   2   1     2111 2 
    3   22 10 10 12221   
1       1   1 3 22 2 32 2
 2 3 31 31  3 112 2      
   2 22112 112 3  2    22
 21313  1 1 22 1 2      2
   3  2 222 22  32  31203
 232       23   1      2 
