30 25
 1  22  1  20232 33   1  
 22   3222     3 20    22
   3121 21311   1   21  3
 20   2    32   3 3 3   3
 2      12 2 3 2  2131222
 3  3  2 1 122132231   23
2 1 1 32   2 213  21  32 
1 1  2 2   22  12 2  122 
233    302  1        2   
 1 2  2 2 2   212 2 21 2 
2121  32        23   22  
   2   221111 23 323 3 2 
 20    12 23 1 1 22020 2 
2      2 22  33 13   1232
3  22321 123 1    12   13
  3312   22  2 2 32 1   2
 1 2 3 1212  1332  1  2 2
3233 12  1 1222 3     2 3
 11 212   3   3   2  33  
222 2 3   22 31 1 2 1 1 2
     2   13   22  222   2
   1 3  232 2  3    20 2 
  33   2  220 21 2 323312
 212  00  21  2  1  1 1  
 3 2  20  23  3  32 2 2  
2    2 3    22 0 02  11 2
3 2 1  2  21 1   322 22 3
22   1 2  3233 2 1 2 22 2
  22  23 31  2   1    3 2
3   222    323   2 332   
