30 25
33 2 2   3  2  212 2     
1    1 2  1  22       122
 2  233    2221   2 132 2
 33 1 1 21    12222 2  13
21122232  11221132   23  
2    1 1221   3    2  21 
2  32122    0 2 2 2   2  
  2     32    2 3112121 2
 23 2020 102  3 2 32 3 2 
 11  2 232130 03  22 2 2 
  2   2    3        23 3 
  1  2   22221   1  3113 
1 22 1  31 221    3 3 3  
 32 1 2 3 210    1212 22 
 12   223   2 2      23  
 12  2 22   3 211 1  2123
2  2 211   1  2  1 3232 1
 2103 2223 313131    2  2
   22 2   2     12     22
 2   21      1 1 321    3
  2  123 11  12        21
  12  3  2  2 312 3 122 2
2   2  232 2322 2222     
2 1 22   21213   312 2   
1 2   3 1   12   2233  3 
  120 1 1     2132 11  0 
    3      31223   2   22
 1 2211 212   03  22333  
 21 23 2  220  2  3   1  
   23   322   13   2  33 
