30 25
3132    32   321    2   2
 23   2 2 31    3  3   32
3122   2  3     2 1 2 21 
2      0  311213   21    
  12   2  32    23222   3
 21    1  2 2 1     33 2 
 322  1 2    322223    21
  2 221323 22     3 3 2  
21 3       2 213 12223 2 
323  3 3   12       2 2 3
3 2    3 1   1 1    32   
  2  12   32    2 2    3 
   3 2   1    131  3 2   
    323      2  1 2223 2 
1  22   32 3 33   3  2 33
 21 3 2 1 3      2   1  2
31212   2   2 3 3 1 1  3 
 2    0 1 2 2 1   2 21  2
3  22 33   2    2222233 2
2 23  1    13  1122      
3 2 0  23  222 33     30 
 123 3   3121  21 2 1    
  3   22 2  2      31 2 2
   2  3 2  2232 33   2122
2 2320 2 1  21 1   22    
    2  1113    32212 322 
       2 2 31 2   3    23
2   322 1 2 1     3  3 3 
3 212 2 13 31    1 2  2  
 223  1 2 23 21  2 22 2 3
