30 25
3 2      212   2 312  2 2
 3 3 3 12  3113   2     2
12  2 20  23   1    21 2 
2  33 33   2  32     322 
     3  1   12     221222
2  3  2   221    322     
 2     1  2 232    03 2  
 1 02    2 2   3 3 1 2313
     2 32 3  3   2 3     
2 3 3 22   2   31 2   1  
222   21  2  3     3   23
3  3  2  3   2   13      
3 2          2 23 3   2 2
  32 13212 323    212  3 
 301  3    3    3  2312  
   23    1 23 3 2  3 2 3 
22  1 12333 2  2  01 1 3 
23      11    1  2 2  1  
 1 2 3  3   2  2 32312   
   0  2  32    3 212 2  2
2  2 33 12  321 2 2  1   
 3 2     2 1 32 1 2  3 32
 22 3       23   12   12 
 3    3 2 322   2 3 323 1
   3202 123  3122 0   2  
  22 02 2     1 1 2     2
2 221    23  3 3 3022 13 
 3     2  1 21  12       
22   23122  21 3   2    3
2 32  2  12  3     33 22 
