30 25
2  3 3322 22332      12 3
2   3 2     2 22   3     
 2  213   1 2 1 3 22221 1
213   1 2 2  12 1 1  3 22
   31    2 22      32    
1   2 332 21 2 3 2 3 2   
  2  122  3 1    2 3 3 1 
 1  3        211      3 3
2 3  2     1  3   2 2  1 
1      22      23  122   
22 2  1  21  3112 3231 23
23 2     2 3    222 3 323
  12 2 122  1      32  1 
  3223 3 213 2 23 2  3   
  2  12   2 23      2 11 
31  1    33  22 1   22  2
  2    3       2 23  3  0
32 2  1  2 2   3  0   3 2
2 2  2 0 0  22 2 3     1 
 21  3 2  3 3 22  23     
2  22  22  2  213122 3   
  1321    3  2    2221  2
      220     3  1   3  1
3  21 2        2  222  3 
  3  3  12 3      222   2
1    3  1123233  1 23 123
  2232 323  2    2    3  
    2    21 223 3 3  2203
 22232122   1 22122 22   
3 322  3 2 3 3  3       3
