30 25
    1  223 33 2  13   33 
  2 13   121 2223  2120 2
  2  1   21   22 2      1
3   2   132223 22 1     2
 212 223 2 1   2 2     2 
 210   2  2  2  13    22 
22 1 2     2   3   2  32 
 2 23  1    2 20 223  20 
 21 232  132   231  2 12 
   2   3 2 1     2       
  3132212 3  2  31     2 
 122 2   12   3 3  013  1
 2   1311113  2 21323 2  
2   2   13  1313  2      
32  3123  323   1 2  12  
3      1  3 3       3   1
  2   1 3122 22 323 3 3  
 2    1 2  22     22313  
2 22 232213   1  3   2 2 
333     2       1023    2
  1 212 111   0 213      
 32    3 202332 2 23 32  
321 1 122 2  1 2   20223 
1 2 1 223 222  1 2  2    
 2 21 12 2     3 1       
  2  233 3 1 2 1 3  11 13
2 122    23   21 0 221323
2  1113    213 2  3    1 
22   22  3   32  22 1 2  
  322 23220    222232 12 
