30 25
3 22   223  2 2   32    3
132  1  23 32 22 1     1 
    221 22 2 3233 321 1 3
   2   2  221 2    322   
3 3  2 1 1  2  3      2 2
  2      3 222  213   211
  13   3    1 2 1   32  3
221 1 232 2      3  2 32 
  2222 2 1  2  3 2 2 231 
 3    32 2 122 23221     
3 32 2 2      3    23 2  
     2       303  11  1  
 332323132 3    1 23  3  
 12   2    1 22       0  
  12      2  2112  3   33
    2 2  312 2   11  2   
 20   011 0  2 22  2 21 2
 20     3 222 2 1  1213 2
    2 3021   3 1 12    2 
 2 12 2  32   2  21 2 3  
 1  3 2 2 22 3  2  3 3  3
32      2   32     1  2  
       22    1     2 2 12
2 3 33   3 2 1 2 2  2 3 2
321  0 131231 12 12 02 1 
 32    22 1323      33  2
 1        222  2    2 22 
     2 23     2121 31 2  
1 223 22 122322 32  2  3 
3 213  2  2  12  2 213  2
