30 25
31  3     222  32 23 1  3
32 2 2122 31  22   22    
 1  2  220    223  3  21 
1    21 32 1  2   2 11323
 3  3 2 2    22233 2   2 
 120    2 21   112 1 1 3 
 3  3  223223 21 21  3   
 3     21    1           
 3   02   10   21202 02 3
   2  3 33 1 223  23 33  
22  2 2  1 3  20 1  1    
1 3    1    13323 212  1 
 221212   23 1   23   332
   22  21 11 32   223 1  
    2  3 22 2          1 
     3    31 2 2 22   3  
  2 2   12 231     30 2 3
    1 3 222  3  22 3 3   
 22 3  1  2 2  3  3 12 2 
3 31 223    1        1  3
20   2  1 1   3  23  2 1 
   3  2 0  31231  32 1 2 
2 1   2 3 23 1  32 1   33
3    1 2   2 3  2 32  2 2
2 202 2   12   2 2 2 22  
 232    1  1 232 1  3 1  
2222  3 3      222  2 3  
  3  221 3   3 13 1222113
2 1   3 2 211  1   222   
 32   132  1           1 
