30 25
 22   1312   3    21  223
 3    23 21321    32  2  
 13 3  2 2   33 112    3 
323   3    32 22123312 23
  121 2 33  22 2 3 2   32
 323    022  22113   1 23
 1    2  3 1 3   2    322
3 212  3223212  2  321  3
2 12  112 2 2   1 02    2
2  3232   3 2 233 33332 2
 1 23 32   32    1   2123
22  1   3 21122      3132
   32  1212  2131223 3  3
3122 22   2  3 2 2 3    2
   213    1  1    23 20  
  13 3 31 22   2   22 2 2
121 12221 2    23 32   3 
  1 32 2        13123312 
31   021 2222 2  1 0  33 
2  232  1121 3  23   2 22
2  221 22 2  1      1  31
311 3  2  2  2    2    2 
  2 1 21321 322 3   3  3 
 20 2    232 22 21  21 1 
2 2 12    1    321313333 
 21220213213   2 12    1 
 1       1222123  2 2133 
 11 2 1 31212     11  12 
  322      22 1 232 1 1  
      1   23  3  232 332 
