30 25
 1 2 1  2  1    22 2 1 3 
  3    2 2 23223  223  1 
  3 213  1    312 2  2 3 
   2 3 0       102  2 3  
3     1   122 2    3 1   
 2  32 1  1    23  1  3  
 2 221  3 2  12    3 3 3 
1323 12132233 2   1    1 
2 112   3  12  1 2     3 
     122      2  1  3  11
2 21 3  13  03 22 1223   
2 3 31  2 0 23 12 3  21  
2 20 1220    1  31   22  
 3 22 23 3  3 3  3     33
2   13 2 31  221  1  3 1 
  1 22 222  21   2     3 
 10       231 32 3 31  2 
3 22    2    2   2 13 1  
223 3  3   2212  1 111 2 
2 12     2  31        12 
 2  3 223 3212  222 3 3 2
  222   3    2 22 1    22
3  23   3   12 2 1 2 3   
   11 3    2   1 3232 1 3
13   20 2 1212  1   323 1
3  2      2313 3  31  2 2
  22   2111 2 2   22222  
 2 32  2      2       1  
3 3   3 3    132   2  2  
       2132 23 12 33     
