30 25
3 13   0 2  33  3  2  3 3
 3  2    2 22  3 0    23 
 2 3 3  1 2 1 1    3   2 
 12 2 2  3  2 3  112  2 2
      22 3 2  2  2  3   3
  3 3     1     3  1 2   
  2 31      2    3 21 23 
      212311 33222   1 22
  12   2    2     22 21  
33 3132  2 2 31 2   1  2 
  2   2 22  3   2     01 
 2 3 3 1 2  21  322 1    
           2 2       212 
 2   32 2 3   23    213 2
 2 22   3212   3221    3 
3  2  32    1  31   2 1  
    3      22 2    2   2 
 3  1  121 1  2 312  232 
1 23   2  2    2   2 3 3 
 3  1 20 22322    3   11 
3  1    23   212 1      3
 3 33  2 2    3 1  3 220 
  1 1    12 332   2  2 3 
2  23 2    3  0 21  232  
 21  3 32     2  3  1    
 21 02  2  12 0   2 33 3 
   2   3 2 2  3 2  11  22
 3 2   022  2 1  1 2  2 1
312322        2 1 31  23 
    3 3   3  312   2   23
