30 25
 232323  2  1 2  33222122
 22 2 2 221 233  0 22 3  
  12   3031222   2 2  2  
  13        1       1   2
  3232    2 1211   32 223
212111 1 23 2 22   22   1
 22  2  2 1   2 12       
31 0 11 2 1223 21      3 
2   1 32    1 2 3213   2 
 313       21    1321 3  
 1  1222312322123 2  11 2
2322       2      313 22 
 2 22 2 2  2 13      21  
32 231 22       22 2 32  
   12  1   2  3    2  213
  2213 333 1212123    12 
  3  2   0 1 1   22 2    
 32   1123  3  2  2    13
 22  32  2 2313  1 1222  
 3    2       222 2  2   
 1      2    03  21 1222 
 2   2  3223 2   22  2   
  3  3   12      31  3  2
  1 032 2 2 3121 2 2 1   
1 3 1    1103 2  2222122 
  12   2   3 21 221  33 1
2  23220 2  2 2212221 1 2
 2122132 3  1 31 122    3
  1  2 2230   3    313  3
   232  1 3  3    2      
