30 25
    213 3 02 2 22  22 3 3
2  13  3 3   23      22  
3221 2  1    2 12232     
   2322    1        11   
   1     3   2  31 2 3   
23 3  13  2 2211 13 3  21
  2 0     3    2 2   2   
22 32    21322123 113 212
2 31     2   22     2   3
2    2 3 12 31   2212  3 
2  212 23  231 21 13  13 
1   2     2 312       1  
222 23 2 33  1 1   3    3
 2  21 3    32 2  3112   
  22  1 3    12 3  1   33
 20212 21  223  3  2  22 
2 3   1   23 21  13   1  
22 1223  2 122     2    3
 22  3          3 3  3   
 31    323 2  3     1 212
 13  3 121  2   23 3   32
2  1   2     22 21213    
1 31   03 33  31       3 
 2     2  20 1  312 22122
2  312   2  22213     23 
3   2222 3  2 2  23    2 
  3 2  121 2  2  0312  3 
21 1 113 322 3 2   22213 
3  2221 121    3  1 2  12
 21     3    23   3  2   
