30 25
0233 3  2 12  2   33     
  1  12    3      1 2   2
      2  30    1 22   03 
1   23231 33  2   232  31
 2  2 1  1   223   2  22 
  32  32122 1  2 222 2 22
 31 312 2   1 3  2   212 
 2 21 3 1 31  133      22
 2  111    21 12 2 1     
 1  1  21  2  2 2   1 2  
222332   221  311 31130 1
12 1    11 22   222 2 2  
2   21213111  23122      
3213  3 2   2  1 2       
21  2 12131323 2 223  2  
    3     1 032 12  2 3  
13   1 2    2 021 22313 2
 3    212      3 22121 13
2    22     02     2   23
3   2212  0   3 2  2 1 13
  23  2   112 323 3   1  
 2 211322  2  1 1 1  2121
213222      2     2 3 2  
 1  2   32  231223  212  
 3  232  12   21  322   1
2  1 2  22 1 03 2  11   3
3232 1 2 2 2    2  3 12 2
 2 1 2 1211312 113 2     
  22 1212    23  312 202 
3 3122 2        222  333 
