30 25
 1 1   2 21 23  1 23     
3  13112  22     2   2 3 
    1 22 13212  2 113 32 
        3      203   1212
 2   322212   2    222 2 
 2  22   23 323 2  12221 
32 2122  1322211  33 31  
3 2333   3 02      10323 
32     2 22  1   1322   1
2   323223  2  2 2  2 323
 3  22 222   22    32 212
 1  22  2 12 13  2  12   
 3   21 1    22 3132122  
 322  02103   21   323 21
21 133   2 2  2     1  22
2    1   0  2 2  31      
2 1  32 11    3 322 2 121
 2  1 1 2121 12 2121 2   
   323223 3  1  3  2 21  
32   2 2  21 22103222   1
1   22   31  1    2 22 2 
32       2     31        
2 2   2 3      3 3 13113 
  12 2221  31122 03  2 2 
2 2 33222323 1 1   1 3   
 20 021      3 221 2    1
 22 2   1   1 12  332  2 
 3   2331202 3 2 11113 1 
12  2  2     2 3   2     
 32 2      2 32 2      13
