30 25
3  2   23    2   223  3 3
 221233  1  3    22321  3
 320    32212 2  3       
 1  2 21 2  1 02 213  0  
 2  223 323 2   22  3  13
31  221    2 22   2   23 
2  22 1  213  2   1 22   
1 3 12    0 1  2   210 21
 2 1    233   313   312 2
22   12  12  1   232   1 
2   3        23 3  3 31 2
331 1 3 21  21 011     3 
    21  332 1  22323 3   
2   2 3 0    2 2 22      
0 0 2   2 3 2 3  1   3 22
2   23   22 1   22 2   3 
2 21 032 1 2 3  2 3 3 223
22        3  0 12   2 212
3  3  21 3 2 1  2  323   
 2   2  111       1 22   
32 2  21  122  33    22 3
2   3   3    3 1     2 3 
2 1 1221  1 1 13   2  22 
  32   33   1 3   3 3    
 23  3 2 1 22212  3 2   2
     1   1         1 1 21
13 3 3  3    22  32 3    
3    2  121 2213131 213  
 23    1   1  23  2 22   
3   122    2        3    
