40 30
 2 213233  3  31232323 2121   
 22 2 2202 2 32  132212 2 2323
323  1 3   3123 2  1  2  2  22
 22  1 2 2 2222 11 3232     2 
 3 1 22 2  222  2  3 21 3223  
23 2  2 2   30131  2 3 220    
2 222 3    2  2 2 11     02   
2 21  2231 21 2    112 2 2 2  
2  3  1    2  121        211  
3   2 3     2 1   223      2  
2  21 1 332   323  12232  1 2 
   22 2121  32 22       1 2   
  22 12     22   1112323    1 
322   12222222 2 2 11 1  2 232
 212  2   12 2 31  22 1  322 1
    2112  01 2 3 2  2 2213 2 2
    3    22  222222   22 22 21
  311  1 3   21212331  3 2    
  3  2    2 33 332  2    2 22 
 21  3 2212 2020 23    31    2
 3   2    3        22  2 21 3 
2 2 3121  1 221 1  1 332    1 
3 11  2 3 1  2 22 3    2  323 
 32 311 1    1    1    02 21  
 1 1 3 33   23     2 2 2   03 
 3  121 2 222 23  2   20  21  
  2  2  311 3    112  233     
  12  22   31     3   2 2232 2
 33 1    31    3232  2   112 3
1 1    22 0 1122   32       23
2 333     2  1 1323     3 2 2 
 1 1122 32 2   1211   212   23
 22     3    2  2    2 20213 2
  22023 2322    32213   23    
  23 2     2  1 22     23  1  
2   233  31 2 2   22  21 23 12
  21  1 2  213     2  2232   3
21 2 232    122 2322    222303
 3 1221  32 1 231221   2 2    
     323220  32  2  32 2232  3
